[HouseData]
Tipo = 4
Nombre = Sex Shop
Dueño = 
ExteriorX = 1087.653808
ExteriorY = -922.716064
ExteriorZ = 43.390625
InteriorX = -100.258880
InteriorY = -25.034908
InteriorZ = 1000.718750
Interior = 3
MiscX = -102.956054
MiscY = -20.367914
MiscZ = 1000.718750
Vault = 0
Precio = 80000
Stock = 7033
Locked = 0
[HouseData]
Vault = 364
Stock = 7031
Tipo = 4
Nombre = Sex Shop
Dueño = 
ExteriorX = 1087.653808
ExteriorY = -922.716064
ExteriorZ = 43.390625
InteriorX = -100.258880
InteriorY = -25.034908
InteriorZ = 1000.718750
Interior = 3
MiscX = -103.348052
MiscY = -24.389719
MiscZ = 1000.718750
Precio = 80000
Locked = 0
