[HouseData]
Tipo = 0
Nombre = Sex Shop
Dueño = 
ExteriorX = 1498.528564
ExteriorY = -1581.582519
ExteriorZ = 13.549818
InteriorX = -100.368438
InteriorY = -23.698743
InteriorZ = 1000.718750
Interior = 3
MiscX = -114.314125
MiscY = -7.477694
MiscZ = 1000.718750
Vault = 32
Precio = 300000
Stock = 515
Locked = 1
[HouseData]
Precio = 300000
Tipo = 4
Nombre = Sex Shop
Dueño = 
ExteriorX = 1366.834716
ExteriorY = -1383.957641
ExteriorZ = 13.678602
InteriorX = -100.368438
InteriorY = -23.698743
InteriorZ = 1000.718750
Interior = 3
MiscX = -114.314125
MiscY = -7.477694
MiscZ = 1000.718750
Vault = 32
Stock = 515
Locked = 1
