[HouseData]
Tipo = 6
Nombre = Petare Gun's
Dueño = Fady_Saba
ExteriorX = 1990.747192
ExteriorY = -1991.901977
ExteriorZ = 13.714450
InteriorX = 315.810302
InteriorY = -143.586303
InteriorZ = 999.601562
Interior = 7
MiscX = 308.065887
MiscY = -143.864471
MiscZ = 999.601562
Vault = 25125
Precio = 150000
Stock = 49989
Locked = 0
