[HouseData]
Tipo = 2
Nombre = Binco
Dueño = 
ExteriorX = 2244.342285
ExteriorY = -1665.552490
ExteriorZ = 15.476552
InteriorX = 207.720901
InteriorY = -110.957336
InteriorZ = 1005.132812
Interior = 15
MiscX = 214.736480
MiscY = -110.920845
MiscZ = 1005.132812
Vault = 0
Precio = 370000
Stock = 5004
Locked = 0
[HouseData]
Vault = 58747
Stock = 5715
Precio = 250000
Tipo = 2
Nombre = Las Mejores Ropas Del Binco
Dueño = Jeii_Calore
ExteriorX = 2244.342285
ExteriorY = -1665.552490
ExteriorZ = 15.476552
InteriorX = 207.720901
InteriorY = -110.957336
InteriorZ = 1005.132812
Interior = 15
MiscX = 212.141326
MiscY = -111.751159
MiscZ = 1005.257812
Locked = 0
