[HouseData]
Tipo = 4
Nombre = Ninguno
Dueño = 
ExteriorX = 1940.161865
ExteriorY = -2115.978759
ExteriorZ = 13.695312
InteriorX = -100.260673
InteriorY = -25.038274
InteriorZ = 1000.718750
Interior = 3
MiscX = 0.000000
MiscY = 0.000000
MiscZ = 0.000000
Vault = 0
Precio = 300000
Stock = 0
Locked = 0
