[HouseData]
Tipo = 1
Nombre = Restaurant
Dueño = 
ExteriorX = 1568.025756
ExteriorY = -1897.850341
ExteriorZ = 13.560847
InteriorX = -795.020812
InteriorY = 489.421630
InteriorZ = 1376.195312
Interior = 1
MiscX = -779.784240
MiscY = 497.130310
MiscZ = 1371.749023
Vault = 0
Precio = 200000
Stock = 465
Locked = 0
[HouseData]
Vault = 0
Stock = 416
Tipo = 1
Nombre = Restaurante MacTavish
Dueño = 
ExteriorX = 1568.025756
ExteriorY = -1897.850341
ExteriorZ = 13.560847
InteriorX = -795.020812
InteriorY = 489.421630
InteriorZ = 1376.195312
Interior = 1
MiscX = -782.439331
MiscY = 498.321624
MiscZ = 1371.749023
Precio = 200000
Locked = 0
