[HouseData]
Tipo = 3
Nombre = 24-7 Shop
Dueño = 
ExteriorX = 1833.780273
ExteriorY = -1842.601440
ExteriorZ = 13.578125
InteriorX = -25.570781
InteriorY = -141.143249
InteriorZ = 1003.546875
Interior = 16
MiscX = -25.570781
MiscY = -141.143249
MiscZ = 1003.546875
Vault = 0
Precio = 340000
Stock = 18439
Locked = 0
[HouseData]
Stock = 16965
Vault = 98268
Tipo = 3
Nombre = 24-7 Bartolo
Dueño = 
ExteriorX = 1833.780273
ExteriorY = -1842.601440
ExteriorZ = 13.578125
InteriorX = -25.570781
InteriorY = -141.143249
InteriorZ = 1003.546875
Interior = 16
MiscX = -36.087871
MiscY = -123.322082
MiscZ = 1003.546875
Precio = 250000
Locked = 0
