[HouseData]
Tipo = 1
Nombre = Pizza Co
Dueño = 
ExteriorX = 2105.487304
ExteriorY = -1806.448974
ExteriorZ = 13.554677
InteriorX = 372.321594
InteriorY = -133.297607
InteriorZ = 1001.492187
Interior = 5
MiscX = 372.562042
MiscY = -117.275154
MiscZ = 1001.492187
Vault = 0
Precio = 560000
Stock = 2408
Locked = 0
[HouseData]
Vault = 11932
Stock = 4486
Precio = 250000
Tipo = 1
Nombre = Pizzas los 4 quesos, entra ya!
Dueño = 
ExteriorX = 2105.487304
ExteriorY = -1806.448974
ExteriorZ = 13.554677
InteriorX = 372.321594
InteriorY = -133.297607
InteriorZ = 1001.492187
Interior = 5
MiscX = 368.147064
MiscY = -114.913825
MiscZ = 1001.492187
Locked = 0
