[HouseData]
Tipo = 0
Nombre = Ninguno
Dueño = 
ExteriorX = 1382.135620
ExteriorY = -1088.799926
ExteriorZ = 28.198623
InteriorX = -794.839294
InteriorY = 489.280944
InteriorZ = 1376.195312
Interior = 1
MiscX = 0.000000
MiscY = 0.000000
MiscZ = 0.000000
Vault = 0
Precio = 300000
Stock = 0
Locked = 0
